"f43":29.47,
        "f44":30.35,
        "f45":29.31,
        "f46":30.35,
        "f47":181193,
        "f48":539516256,
        "f49":75315,
        "f50":1.11,
        "f51":33.4,
        "f52":27.32,
        "f55":0.880438605,
        "f57":"002605",
        "f58":"姚记科技",
        "f60":30.36,
        "f62":3,
        "f71":29.78,
        "f78":0,
        "f80":"[{"b":202004170930,"e":202004171130},{"b":202004171300,"e":202004171500}]",
        "f84":399413589,
        "f85":269692810,
        "f86":1587108663,
        "f92":3.7705234,
        "f104":1636801871.49,
        "f105":264533394.77,
        "f107":0,
        "f110":0,
        "f111":13,
        "f116":11770718467.83,
        "f117":7947847110.7,
        "f127":"文教休闲",
        "f128":"上海板块",
        "f135":99591463,
        "f136":164519783,
        "f137":-64928320,
        "f138":9537313,
        "f139":33188205,
        "f140":-23650892,
        "f141":90054150,
        "f142":131331578,
        "f143":-41277428,
        "f144":203026366,
        "f145":203463630,
        "f146":-437264,
        "f147":225526778,
        "f148":160161193,
        "f149":65365585,
        "f161":105878,
        "f162":33.37,
        "f163":90.75,
        "f164":37.08,
        "f167":7.82,
        "f168":6.72,
        "f169":-0.89,
        "f170":-2.93,
        "f173":19.91,
        "f177":1,
        "f183":1225355027.47,
        "f184":130.21370000000003,
        "f185":244.2775,
        "f186":63.187400000000007,
        "f187":27.1022,
        "f188":48.462381964418458,
        "f189":20110805,
        "f190":2.194680506376061,
        "f191":10.21,
        "f192":202,
        "f193":-12.03,
        "f194":-4.38,
        "f195":-7.65,
        "f196":-0.08,
        "f197":12.12,
        "f199":90,
        "f250":"-",
        "f251":"-",
        "f252":"-",
        "f253":"-",
        "f254":"-",
        "f255":0,
        "f256":"-",
        "f257":0,
        "f258":"-",
        "f262":"-",
        "f263":0,
        "f264":"-",
        "f266":"-",
        "f267":"-",
        "f268":"-",
        "f269":"-",
        "f270":0,
        "f271":"-",
        "f273":"-",
        "f274":"-",
        "f275":"-",
        "f280":"-",
        "f281":"-",
        "f282":"-",
        "f284":0,
        "f285":"-",
        "f286":0,
        "f287":"-",
        "f31":29.52,
        "f32":85,
        "f33":29.51,
        "f34":163,
        "f35":29.5,
        "f36":255,
        "f37":29.49,
        "f38":331,
        "f39":29.48,
        "f40":54,
        "f19":29.47,
        "f20":579,
        "f17":29.46,
        "f18":142,
        "f15":29.45,
        "f16":196,
        "f13":29.44,
        "f14":94,
        "f11":29.43,
        "f12":79
		
f43: 现价 29.47
f44：最高 30.35
f45：最低 29.31
f46：今开 30.35
f47：成交量  181193
f48：成交金额 539516256
f50：量比 1.11
f168：换手率 6.72
f51：涨停
f52：跌停
f57：股票代码
f58：名称
f60：昨收

f162：市盈(动)33.37
f116：总市值  1177
f117：流通市值 79478
f167：市净 7.82
f135":主力流入 99591463,
"f136":164519783, 主力流出
"f137":-64928320, 主力净流入
"f71":29.78, 均价
"f169":-0.89, 涨跌
"f170":-2.93, 涨幅
"f49":75315, 外盘
"f161":105878, 内盘




